0.00000000
0.50000000
0.33333333
0.50000000
0.60000000
0.66666667
0.57142857
0.62500000
0.55555556
0.50000000
0.45454545
0.50000000
0.46153846
0.50000000
0.53333333
0.56250000
0.52941176
0.50000000
0.47368421
0.45000000
0.47619048
0.45454545
0.47826087
0.45833333
0.44000000
0.46153846
0.48148148
0.46428571
0.44827586
0.46666667
0.45161290
0.43750000
0.42424242
0.41176471
0.40000000
0.38888889
0.37837838
0.36842105
0.35897436
0.35000000
0.34146341
0.33333333
0.34883721
0.34090909
0.33333333
0.32608696
0.31914894
0.31250000
0.30612245
0.30000000
0.29411765
0.28846154
0.28301887
0.27777778
0.27272727
0.26785714
0.26315789
0.25862069
0.25423729
0.25000000
0.24590164
0.24193548
0.23809524
0.23437500
0.23076923
0.22727273
0.22388060
0.22058824
0.21739130
0.22857143
0.22535211
0.22222222
0.21917808
0.21621622
0.21333333
0.21052632
0.20779221
0.20512821
0.20253165
0.20000000
0.19753086
0.20731707
0.20481928
0.21428571
0.21176471
0.20930233
0.20689655
0.20454545
0.21348315
0.22222222
0.21978022
0.21739130
0.21505376
0.21276596
0.21052632
0.20833333
0.20618557
0.20408163
0.20202020
0.20000000
0.19801980
0.19607843
0.19417476
0.20192308
0.20000000
0.19811321
0.19626168
0.20370370
0.20183486
0.20000000
0.19819820
0.19642857
0.19469027
0.19298246
0.19130435
0.18965517
0.18803419
0.18644068
0.18487395
0.18333333
0.18181818
0.18032787
0.17886179
0.17741935
0.17600000
0.17460317
0.17322835
0.17187500
0.17054264
0.16923077
0.16793893
0.16666667
0.16541353
0.16417910
0.16296296
0.16176471
0.16058394
0.15942029
0.15827338
0.15714286
0.15602837
0.15492958
0.15384615
0.15277778
0.15172414
0.15068493
0.14965986
0.14864865
0.14765101
0.14666667
0.14666667
0.14000000
0.14000000
0.13333333
0.13333333
0.12666667
0.12666667
0.12000000
0.12000000
0.12000000
0.12000000
0.11333333
0.11333333
0.10666667
0.10000000
0.09333333
0.09333333
0.10000000
0.10000000
0.10000000
0.09333333
0.10000000
0.09333333
0.10000000
0.10000000
0.09333333
0.08666667
0.08666667
0.08666667
0.08000000
0.08000000
0.08666667
0.08666667
0.08666667
0.08666667
0.08666667
0.08666667
0.08666667
0.08666667
0.08666667
0.08666667
0.08666667
0.08000000
0.08000000
0.08000000
0.08000000
0.08000000
0.08000000
0.08000000
0.08000000
0.08000000
0.08666667
0.08666667
0.08666667
0.08666667
0.08666667
0.08666667
0.08666667
0.09333333
0.09333333
0.09333333
0.09333333
0.09333333
0.09333333
0.09333333
0.09333333
0.10000000
0.10000000
0.10000000
0.09333333
0.09333333
0.09333333
0.09333333
0.09333333
0.10000000
0.10000000
0.10000000
0.10000000
0.10000000
0.10000000
0.10000000
0.09333333
0.09333333
0.08666667
0.09333333
0.09333333
0.09333333
0.09333333
0.08666667
0.08000000
0.08000000
0.08000000
0.08000000
0.08000000
0.08000000
0.08000000
0.08000000
0.08666667
0.08666667
0.08666667
0.08666667
0.08666667
0.08666667
0.08000000
0.08666667
0.08666667
0.08666667
0.08000000
0.08000000
0.08000000
0.08000000
0.08666667
0.09333333
0.09333333
0.09333333
0.09333333
0.09333333
0.09333333
0.09333333
0.09333333
0.09333333
0.09333333
0.09333333
0.10000000
0.10000000
0.10000000
0.10000000
0.10000000
0.10000000
0.10000000
0.10000000
0.10000000
0.10000000
0.10000000
0.10000000
0.10000000
0.10000000
0.10000000
0.10000000
0.10000000
0.10000000
0.10000000
0.10000000
0.10000000
0.10000000
0.10000000
0.10000000
0.10000000
0.10000000
0.10000000
0.10000000
0.10000000
0.10000000
0.10666667
0.10000000
0.10000000
0.10000000
0.10000000
0.10000000
0.10000000
0.10000000
0.10000000
0.10000000
0.10000000
0.10000000
0.10000000
0.10000000
0.09333333
0.09333333
0.09333333
0.09333333
0.08666667
0.08666667
0.08666667
0.08666667
0.08666667
0.08666667
0.08666667
0.08666667
0.08666667
0.08666667
0.08000000
0.08000000
0.08000000
0.08000000
0.08000000
0.08000000
0.08000000
0.08000000
0.08000000
0.08000000
0.08000000
0.08000000
0.08000000
0.08000000
0.08000000
0.08666667
0.08666667
0.08666667
0.08666667
0.08666667
0.08666667
0.08666667
0.08666667
0.08666667
0.08666667
0.09333333
0.09333333
0.08666667
0.08666667
0.08666667
0.08666667
0.08666667
0.08666667
0.08666667
0.08666667
0.08000000
0.08666667
0.08666667
0.08666667
0.08666667
0.08666667
0.08666667
0.08666667
0.08000000
0.08000000
0.08000000
0.08000000
0.08000000
0.08666667
0.08666667
0.09333333
0.09333333
0.09333333
0.08666667
0.08666667
0.08666667
0.08666667
0.08666667
0.08666667
0.08666667
0.08666667
0.08666667
0.08666667
0.08666667
0.08666667
0.08666667
0.08000000
0.08000000
0.08000000
0.08000000
0.08000000
0.08000000
0.08000000
0.07333333
0.07333333
0.08000000
0.08000000
0.08000000
0.08000000
0.08000000
0.07333333
0.06666667
0.07333333
0.07333333
0.07333333
0.07333333
0.07333333
0.07333333
0.07333333
0.07333333
0.07333333
0.07333333
0.06666667
0.06666667
0.06666667
0.06666667
0.06666667
0.06666667
0.06666667
0.06666667
0.06666667
0.06666667
0.06666667
0.06666667
0.06666667
0.06666667
0.06666667
0.06666667
0.06666667
0.06666667
0.06666667
0.06666667
0.06666667
0.06666667
0.06666667
0.06666667
0.06666667
0.06666667
0.06666667
0.06666667
0.06666667
0.06666667
0.06000000
0.06000000
0.06000000
0.06000000
0.06000000
0.06000000
0.06000000
0.06000000
0.06000000
0.06000000
0.06000000
0.06000000
0.06000000
0.06000000
0.06000000
0.06666667
0.06666667
0.06666667
0.06666667
0.06666667
0.06000000
0.06000000
0.06000000
0.06000000
0.06000000
0.06000000
0.06000000
0.06000000
0.06000000
0.06000000
0.06000000
0.06000000
0.06666667
0.06666667
0.06666667
0.06666667
0.06666667
0.06666667
0.06666667
0.07333333
0.07333333
0.07333333
0.07333333
0.06666667
0.06666667
0.06666667
0.06666667
0.06666667
0.06000000
0.06000000
0.06000000
0.06000000
0.06000000
0.06000000
0.06000000
0.06000000
0.06000000
0.06000000
0.06000000
0.06000000
0.06666667
0.06666667
0.06666667
0.06666667
0.06000000
0.06000000
0.06000000
0.06000000
0.06000000
0.06000000
0.06000000
0.06000000
0.06000000
0.06000000
0.06666667
0.06666667
0.06000000
0.06000000
0.05333333
0.05333333
0.05333333
0.05333333
0.05333333
0.05333333
0.05333333
0.05333333
0.05333333
0.05333333
0.05333333
0.05333333
0.06000000
0.06000000
0.06000000
0.06000000
0.06000000
0.06000000
0.06000000
0.06000000
0.06000000
0.06000000
0.06000000
0.06000000
0.06000000
0.05333333
0.05333333
0.05333333
0.05333333
0.05333333
0.05333333
0.05333333
0.04666667
0.04666667
0.04666667
0.04666667
0.04666667
0.04666667
0.04666667
0.04666667
0.04666667
0.05333333
0.05333333
0.06000000
0.06000000
0.06000000
0.06000000
0.06000000
0.06666667
0.06666667
0.06666667
0.06666667
0.06666667
0.06666667
0.06666667
0.06666667
0.06666667
0.06666667
0.06666667
0.06666667
0.06666667
0.06666667
0.06666667
0.06666667
0.06666667
0.06666667
0.06666667
0.06666667
0.06666667
0.06666667
0.06666667
0.06666667
0.06666667
0.06666667
0.06666667
0.06666667
0.06666667
0.06666667
0.06666667
0.06666667
0.06666667
0.06666667
0.06666667
0.06666667
0.06666667
0.06666667
0.06666667
0.06000000
0.06000000
0.06000000
0.06000000
0.06000000
0.06000000
0.06000000
0.06000000
0.06000000
0.06000000
0.06000000
0.06000000
0.06000000
0.06000000
0.06000000
0.06000000
0.06000000
0.05333333
0.05333333
0.05333333
0.05333333
0.05333333
0.05333333
0.05333333
0.04666667
0.05333333
0.05333333
0.05333333
0.05333333
0.05333333
0.05333333
0.05333333
0.05333333
0.05333333
0.05333333
0.05333333
0.05333333
0.05333333
0.04666667
0.04666667
0.04666667
0.04666667
0.04666667
0.04666667
0.04666667
0.04000000
0.04000000
0.04000000
0.04000000
0.04000000
0.04000000
0.04000000
0.04000000
0.04000000
0.04000000
0.04000000
0.04000000
0.04000000
0.04000000
0.03333333
0.03333333
0.03333333
0.03333333
0.03333333
0.03333333
0.04000000
0.04000000
0.04000000
0.04000000
0.04000000
0.04000000
0.04000000
0.04000000
0.04000000
0.04000000
0.03333333
0.03333333
0.03333333
0.03333333
0.03333333
0.03333333
0.03333333
0.03333333
0.03333333
0.03333333
0.03333333
0.03333333
0.03333333
0.03333333
0.03333333
0.03333333
0.03333333
0.03333333
0.03333333
0.03333333
0.03333333
0.03333333
0.03333333
0.03333333
0.03333333
0.03333333
0.03333333
0.03333333
0.03333333
0.02666667
0.02666667
0.02000000
0.02000000
0.02000000
0.02000000
0.02000000
0.01333333
0.01333333
0.01333333
0.01333333
0.01333333
0.01333333
0.01333333
0.01333333
0.01333333
0.01333333
0.01333333
0.01333333
0.01333333
0.01333333
0.01333333
0.01333333
0.02000000
0.02000000
0.02000000
0.02000000
0.02000000
0.02000000
0.02000000
0.02000000
0.02000000
0.02000000
0.02000000
0.02000000
0.02000000
0.02000000
0.02000000
0.02000000
0.02000000
0.02000000
0.02000000
0.02000000
0.02000000
0.02000000
0.02000000
0.02000000
0.02000000
0.02000000
0.02000000
0.02000000
0.02000000
0.02000000
0.02000000
0.02000000
0.02000000
0.02000000
0.02000000
0.02000000
0.02000000
0.02000000
0.02000000
0.02000000
0.02000000
0.02000000
0.02000000
0.02000000
0.02000000
0.02000000
0.02000000
0.02000000
0.01333333
0.01333333
0.01333333
0.01333333
0.01333333
0.02000000
0.02000000
0.02000000
0.02000000
0.02000000
0.02000000
0.02000000
0.02000000
0.02000000
0.02000000
0.02000000
0.02000000
0.02000000
0.02000000
0.02000000
0.02000000
0.02000000
0.02000000
0.02000000
0.02000000
0.02000000
0.02000000
0.02000000
0.02000000
0.02000000
0.02000000
0.02000000
0.02000000
0.02000000
0.02000000
0.02000000
0.02000000
0.02000000
0.02000000
0.02000000
0.01333333
0.01333333
0.01333333
0.01333333
0.01333333
0.01333333
0.01333333
0.01333333
0.01333333
0.01333333
0.01333333
0.02000000
0.02000000
0.02000000
0.02000000
0.02000000
0.02000000
0.02000000
0.02000000
0.02000000
0.02000000
0.02000000
0.02000000
0.02000000
0.02000000
0.02000000
0.02000000
0.02000000
0.02000000
0.02000000
0.02000000
0.02000000
0.02666667
0.02666667
0.02666667
0.02666667
0.02666667
0.02666667
0.03333333
0.03333333
0.03333333
0.03333333
0.03333333
0.03333333
0.03333333
0.03333333
0.03333333
0.03333333
0.03333333
0.03333333
0.03333333
0.03333333
0.03333333
0.03333333
0.03333333
0.03333333
0.03333333
0.03333333
0.03333333
0.03333333
0.04000000
0.04000000
0.03333333
0.03333333
0.03333333
0.03333333
0.03333333
0.03333333
0.03333333
0.03333333
0.03333333
0.03333333
0.03333333
0.03333333
0.03333333
0.03333333
0.03333333
0.03333333
0.03333333
0.03333333
0.03333333
0.03333333
0.03333333
0.03333333
0.03333333
0.03333333
0.03333333
0.03333333
0.03333333
0.03333333
0.03333333
0.03333333
0.03333333
0.03333333
0.03333333
0.03333333
0.03333333
0.03333333
0.03333333
0.03333333
0.03333333
0.03333333
0.03333333
0.03333333
0.03333333
0.03333333
0.03333333
0.03333333
0.03333333
0.03333333
0.03333333
0.03333333
0.03333333
0.03333333
0.03333333
0.02666667
0.02666667
0.02666667
0.02666667
0.02666667
0.02666667
0.02666667
0.02666667
0.02666667
0.02666667
0.02666667
0.02666667
0.02666667
0.02666667
0.02666667
0.02666667
0.02666667
0.02666667
0.02666667
0.02666667
0.02666667
0.02666667
0.02666667
0.02666667
0.02666667
0.02666667
0.02666667
0.02666667
0.02666667
0.02666667
0.02666667
0.02666667
0.02666667
0.02666667
0.02666667
0.02666667
0.02666667
0.02666667
0.02666667
0.02666667
0.02666667
0.02666667
0.02666667
0.02666667
0.02666667
0.02666667
0.02000000
0.02000000
0.02000000
0.02000000
0.02000000
0.02000000
0.02000000
0.02000000
0.02000000
0.02000000
0.02000000
0.02000000
0.02000000
0.02000000
0.02000000
0.02000000
0.02000000
0.02000000
0.02000000
0.02000000
0.02000000
0.01333333
0.01333333
0.01333333
0.01333333
0.01333333
0.01333333
0.00666667
0.01333333
0.01333333
0.01333333
0.01333333
0.01333333
0.01333333
0.01333333
0.01333333
0.01333333
0.01333333
0.01333333
0.01333333
0.01333333
0.01333333
0.01333333
0.01333333
0.01333333
0.01333333
0.01333333
0.01333333
0.01333333
0.00666667
0.00666667
0.00666667
0.00666667
0.00666667
0.00666667
0.00666667
0.00666667
0.00666667
0.00666667
0.00666667
0.00666667
0.00666667
0.00666667
0.00666667
0.00666667
0.00666667
0.00666667
0.00666667
0.00666667
0.00666667
0.00666667
0.00666667
0.00666667
0.00666667
0.00666667
0.00666667
0.00666667
0.00666667
0.00666667
0.00666667
0.00666667
0.00666667
0.00666667
0.00666667
0.00666667
0.00666667
0.00666667
0.00666667
0.00666667
0.00666667
0.00666667
0.00666667
0.00666667
0.00666667
0.00666667
0.00666667
0.00666667
0.00666667
0.00666667
0.00666667
0.00666667
0.00666667
0.00666667
0.00666667
0.00666667
0.00666667
0.00666667
0.00666667
0.00666667
0.00666667
0.00666667
0.00666667
0.00666667
0.00666667
0.00666667
0.00666667
0.00666667
0.00666667
0.00666667
0.00666667
0.00666667
0.00666667
0.00666667
0.00666667
0.00666667
0.00666667
0.00666667
0.00666667
0.00666667
0.00666667
0.00666667
0.00666667
0.00666667
0.00666667
0.00666667
0.00666667
0.00666667
0.00666667
0.00666667
0.00666667
0.00666667
0.00666667
0.00666667
0.00666667
0.00666667
0.00666667
0.00666667
0.00666667
0.00666667
0.00666667
0.00666667
0.00666667
0.00666667
0.00666667
0.00666667
0.00666667
0.00666667
0.00666667
0.00666667
0.00666667
0.00666667
0.00666667
0.00666667
0.00666667
0.00666667
0.00666667
0.00666667
0.00666667
0.00666667
0.00666667
0.00666667
0.00666667
0.00666667
0.00666667
0.00666667
0.00666667
0.00666667
0.00666667
0.00000000
0.00000000
0.00000000
0.00000000
0.00000000
0.00000000
0.00000000
0.00000000
0.00000000
0.00000000
0.00000000
0.00000000
0.00000000
0.00000000
0.00000000
0.00000000
0.00000000
0.00000000
0.00000000
0.00000000
0.00000000
0.00000000
0.00000000
0.00000000
0.00000000
0.00000000
0.00000000
0.00000000
0.00000000
0.00000000
0.00000000
0.00000000
0.00000000
0.00000000
0.00000000
0.00000000
0.00000000
0.00000000
0.00000000
0.00000000
0.00000000
0.00000000
0.00000000
0.00000000
0.00000000
0.00000000
0.00000000
0.00000000
0.00000000
0.00000000
0.00000000
0.00000000
0.00000000
0.00000000
0.00000000
0.00000000
0.00000000
0.00000000
0.00000000
0.00000000
0.00000000
0.00000000
0.00000000
0.00000000
0.00000000
0.00000000
0.00000000
0.00000000
0.00000000
0.00000000
0.00000000
0.00000000
0.00000000
0.00000000
0.00000000
0.00000000
0.00000000
0.00000000
0.00000000
0.00000000
0.00000000
0.00000000
0.00000000
0.00000000
0.00000000
0.00000000
0.00000000
0.00000000
0.00000000
0.00000000
0.00000000
0.00000000
0.00000000
0.00000000
0.00000000
0.00000000
0.00000000
0.00000000
0.00000000
0.00000000
0.00000000
0.00000000
0.00000000
0.00000000
0.00000000
0.00000000
0.00000000
0.00000000
0.00000000
0.00000000
0.00000000
0.00000000
0.00000000
0.00000000
0.00000000
0.00000000
0.00000000
0.00000000
0.00000000
0.00000000
0.00000000
0.00000000
0.00000000
0.00000000
0.00000000
0.00000000
0.00000000
0.00000000
0.00000000
0.00000000
0.00000000
0.00000000
0.00000000
0.00000000
0.00000000
0.00000000
0.00000000
0.00000000
0.00000000
0.00000000
0.00000000
0.00000000
0.00000000
0.00000000
0.00000000
0.00000000
0.00000000
0.00000000
0.00000000
0.00000000
0.00000000
0.00000000
0.00666667
0.00666667
0.00666667
0.00666667
0.00666667
0.00666667
0.00666667
0.00666667
0.00666667
0.00666667
0.00666667
0.00666667
0.00666667
0.00666667
0.00666667
0.00666667
0.00666667
0.00666667
0.00666667
0.00666667
0.00666667
0.00666667
0.00666667
0.00666667
0.00666667
0.00666667
0.00666667
0.00666667
0.00666667
0.00666667
0.00666667
0.00666667
0.00666667
0.00666667
0.00666667
0.00666667
0.00666667
0.00666667
0.00666667
0.00666667
0.00666667
0.00666667
0.00666667
0.00666667
0.00666667
0.00666667
0.00666667
0.00666667
0.00666667
0.00666667
0.00666667
0.00666667
0.00666667
0.00666667
0.01333333
0.01333333
0.01333333
0.01333333
0.01333333
0.01333333
0.01333333
0.01333333
0.01333333
0.01333333
0.01333333
0.01333333
0.01333333
0.01333333
0.01333333
0.01333333
0.01333333
0.01333333
0.01333333
0.01333333
0.01333333
0.01333333
0.01333333
0.01333333
0.01333333
0.01333333
0.01333333
0.01333333
0.01333333
0.01333333
0.01333333
0.01333333
0.01333333
0.01333333
0.01333333
0.01333333
0.01333333
0.01333333
0.01333333
0.01333333
0.01333333
0.01333333
0.01333333
0.01333333
0.01333333
0.01333333
0.01333333
0.01333333
0.01333333
0.01333333
0.01333333
0.01333333
0.01333333
0.01333333
0.01333333
0.01333333
0.01333333
0.01333333
0.01333333
0.01333333
0.01333333
0.01333333
0.01333333
0.01333333
0.01333333
0.01333333
0.01333333
0.01333333
0.01333333
0.01333333
0.01333333
0.01333333
0.01333333
0.01333333
0.01333333
0.01333333
0.01333333
0.01333333
0.01333333
0.01333333
0.01333333
0.01333333
0.01333333
0.01333333
0.02000000
0.02000000
0.02000000
0.02000000
0.02000000
0.02000000
0.02000000
0.02000000
0.02000000
0.02000000
0.02000000
0.02000000
0.01333333
0.01333333
0.01333333
0.01333333
0.01333333
0.01333333
0.01333333
0.01333333
0.01333333
0.01333333
0.01333333
0.01333333
0.01333333
0.01333333
0.01333333
0.01333333
0.01333333
0.01333333
0.01333333
0.01333333
0.01333333
0.01333333
0.01333333
0.01333333
0.01333333
0.01333333
0.01333333
0.01333333
0.01333333
0.01333333
0.01333333
0.01333333
0.01333333
0.01333333
0.01333333
0.01333333
0.01333333
0.01333333
0.01333333
0.01333333
0.01333333
0.01333333
0.01333333
0.01333333
0.01333333
0.01333333
0.01333333
0.01333333
0.01333333
0.01333333
0.01333333
0.01333333
0.01333333
0.01333333
0.00666667
0.00666667
0.00666667
0.00666667
0.00666667
0.00666667
0.00666667
0.00666667
0.00666667
0.00666667
0.00666667
0.00666667
0.00666667
0.00666667
0.00666667
0.00666667
0.00666667
0.00666667
0.00666667
0.00666667
0.00666667
0.00666667
0.00666667
0.00666667
0.00666667
0.00666667
0.00666667
0.00666667
0.00666667
0.00666667
0.00666667
0.00666667
0.00666667
0.00666667
0.00666667
0.00666667
0.00666667
0.00666667
0.00666667
0.00666667
0.00666667
0.00666667
0.00666667
0.00666667
0.00666667
0.00666667
0.00666667
0.00666667
0.00666667
0.00666667
0.00666667
0.00666667
0.00666667
0.00666667
0.00666667
0.00666667
0.00666667
0.00666667
0.00666667
0.00666667
0.00666667
0.00666667
0.00666667
0.00666667
0.00666667
0.00666667
0.00666667
0.00666667
0.00666667
0.00666667
0.00666667
0.00666667
0.00666667
0.00666667
0.00666667
0.00666667
0.00666667
0.00666667
0.00666667
0.00666667
0.00666667
0.00666667
0.00666667
0.00666667
0.00000000
0.00000000
0.00000000
0.00000000
0.00000000
0.00000000
0.00000000
0.00000000
0.00000000
0.00000000
0.00000000
0.00000000
0.00000000
0.00000000
0.00000000
0.00000000
0.00000000
0.00000000
0.00000000
0.00000000
0.00000000
0.00000000
0.00000000
0.00000000
0.00000000
0.00000000
0.00000000
0.00000000
0.00000000
0.00000000
0.00000000
0.00000000
0.00000000
0.00000000
0.00000000
0.00000000
0.00000000
0.00000000
0.00000000
0.00000000
0.00000000
0.00000000
0.00000000
0.00000000
0.00000000
0.00000000
0.00000000
0.00000000
0.00000000
0.00000000
0.00000000
0.00000000
0.00000000
0.00000000
0.00000000
0.00000000
0.00000000
0.00000000
0.00000000
0.00000000
0.00000000
0.00000000
0.00000000
0.00000000
0.00000000
0.00000000
0.00000000
0.00000000
0.00000000
0.00000000
0.00000000
0.00000000
0.00000000
0.00000000
0.00000000
0.00000000
0.00000000
0.00000000
0.00000000
0.00000000
0.00000000
0.00000000
0.00000000
0.00000000
0.00000000
0.00000000
0.00000000
0.00000000
0.00000000
0.00000000
0.00000000
0.00000000
0.00000000
0.00000000
0.00000000
0.00000000
0.00000000
0.00000000
0.00000000
0.00000000
0.00000000
0.00000000
0.00000000
0.00000000
0.00000000
0.00000000
0.00000000
0.00000000
0.00000000
0.00000000
0.00000000
0.00000000
0.00000000
0.00000000
0.00000000
0.00000000
0.00000000
0.00000000
0.00000000
0.00000000
0.00000000
0.00000000
0.00000000
0.00000000
0.00000000
0.00000000
0.00000000
0.00000000
0.00000000
0.00000000
0.00000000
0.00000000
0.00000000
0.00000000
0.00000000
0.00000000
0.00000000
0.00000000
0.00000000
0.00000000
0.00000000
0.00000000
0.00000000
0.00000000
0.00000000
0.00000000
0.00000000
0.00000000
0.00000000
0.00000000
0.00000000
0.00000000
0.00000000
0.00000000
0.00000000
0.00000000
0.00000000
0.00000000
0.00000000
0.00000000
0.00000000
0.00000000
0.00000000
0.00000000
0.00000000
0.00000000
0.00000000
0.00000000
0.00000000
0.00000000
0.00000000
0.00000000
0.00000000
0.00000000
0.00000000
0.00000000
0.00000000
0.00000000
0.00000000
0.00000000
0.00000000
0.00000000
0.00000000
0.00000000
0.00000000
0.00000000
0.00000000
0.00000000
0.00000000
0.00000000
0.00000000
0.00000000
0.00000000
0.00000000
0.00000000
0.00000000
0.00000000
0.00000000
0.00000000
0.00000000
0.00000000
0.00000000
0.00000000
0.00000000
0.00000000
0.00000000
0.00000000
0.00000000
0.00000000
0.00000000
0.00000000
0.00000000
0.00000000
0.00000000
0.00000000
0.00000000
0.00000000
0.00000000
0.00000000
0.00000000
0.00000000
0.00000000
0.00000000
0.00000000
0.00000000
0.00000000
0.00000000
0.00000000
0.00000000
0.00000000
0.00000000
0.00000000
0.00000000
0.00000000
0.00000000
0.00000000
0.00000000
0.00000000
0.00000000
0.00000000
0.00000000
0.00000000
0.00000000
0.00000000
0.00000000
0.00000000
0.00000000
0.00000000
0.00000000
0.00000000
0.00000000
0.00000000
0.00000000
0.00000000
0.00000000
0.00000000
0.00000000
0.00000000
0.00000000
0.00000000
0.00000000
0.00000000
0.00000000
0.00000000
0.00000000
0.00000000
0.00000000
0.00000000
0.00000000
0.00000000
0.00000000
0.00000000
0.00000000
0.00000000
0.00000000
0.00000000
0.00000000
0.00000000
0.00000000
0.00000000
0.00000000
0.00000000
0.00000000
0.00000000
0.00000000
0.00000000
0.00000000
0.00000000
0.00000000
0.00000000
0.00000000
0.00000000
0.00000000
0.00000000
0.00000000
0.00000000
0.00000000
0.00000000
0.00000000
0.00000000
0.00000000
0.00000000
0.00000000
0.00000000
0.00000000
0.00000000
0.00000000
0.00000000
0.00000000
0.00000000
0.00000000
0.00000000
0.00000000
0.00000000
0.00000000
0.00000000
0.00000000
0.00000000
0.00000000
0.00000000
0.00000000
0.00000000
0.00000000
0.00000000
0.00000000
0.00000000
0.00000000
0.00000000
0.00000000
0.00000000
0.00000000
0.00000000
0.00000000
0.00000000
0.00000000
0.00000000
0.00000000
0.00000000
0.00000000
0.00000000
0.00000000
0.00000000
0.00000000
0.00000000
0.00000000
0.00000000
0.00000000
0.00000000
0.00000000
0.00000000
0.00000000
0.00000000
0.00000000
0.00000000
0.00000000
0.00000000
0.00000000
0.00000000
0.00000000
0.00000000
0.00000000
0.00000000
0.00000000
0.00000000
0.00666667
0.00666667
0.00666667
0.00666667
0.00666667
0.00666667
0.00666667
0.00666667
0.00666667
0.00666667
0.00666667
0.00666667
0.00666667
0.00666667
0.00666667
0.00666667
0.00666667
0.00666667
0.00666667
0.00666667
0.00666667
0.00666667
0.00666667
0.00666667
0.00666667
0.00666667
0.00666667
0.00666667
0.00666667
0.00666667
0.00666667
0.00666667
0.00666667
0.00666667
0.00666667
0.00666667
0.00666667
0.00666667
0.00666667
0.00666667
0.00666667
0.00666667
0.00666667
0.00666667
0.00666667
0.00666667
0.00666667
0.00666667
0.00666667
0.00666667
0.00666667
0.00666667
0.00666667
0.00666667
0.00666667
0.00666667
0.00666667
0.00666667
0.00666667
0.00666667
0.00666667
0.00666667
0.00666667
0.00666667
0.00666667
0.00666667
0.00666667
0.00666667
0.00666667
0.00666667
0.00666667
0.00666667
0.00666667
0.00666667
0.00666667
0.00666667
0.00666667
0.00666667
0.00666667
0.00666667
0.00666667
0.00666667
0.00666667
0.00666667
0.00666667
0.00666667
0.00666667
0.00666667
0.00666667
0.00666667
0.00666667
0.00666667
0.00666667
0.00666667
0.00666667
0.00666667
0.00666667
0.00666667
0.00666667
0.00666667
0.00666667
0.00666667
0.00666667
0.00666667
0.00666667
0.00666667
0.00666667
0.00666667
0.00666667
0.00666667
0.00666667
0.00666667
0.00666667
0.00666667
0.00666667
0.00666667
0.00666667
0.00666667
0.00666667
0.00666667
0.00666667
0.00666667
0.00666667
0.00666667
0.00666667
0.00666667
0.00666667
0.00666667
0.00666667
0.00666667
0.00666667
0.00666667
0.00666667
0.00666667
0.00666667
0.00666667
0.00666667
0.00666667
0.00666667
0.00666667
0.00666667
0.00666667
0.00666667
0.00666667
0.00666667
0.00666667
0.00666667
0.00666667
0.00666667
0.00666667
0.00000000
0.00000000
0.00000000
0.00000000
0.00000000
0.00000000
0.00000000
0.00000000
0.00000000
0.00000000
0.00000000
0.00000000
0.00000000
0.00000000
0.00000000
0.00000000
0.00000000
0.00000000
0.00000000
0.00000000
0.00000000
0.00000000
0.00000000
0.00000000
0.00000000
0.00000000
0.00000000
0.00000000
0.00000000
0.00000000
0.00000000
0.00000000
0.00000000
0.00000000
0.00000000
0.00000000
0.00000000
0.00000000
0.00000000
0.00000000
0.00000000
0.00000000
0.00000000
0.00000000
0.00000000
0.00000000
0.00000000
0.00000000
0.00000000
0.00000000
0.00000000
0.00000000
0.00000000
0.00000000
0.00000000
0.00000000
0.00000000
0.00000000
0.00000000
0.00000000
0.00000000
0.00000000
0.00000000
0.00000000
0.00000000
0.00000000
0.00000000
0.00000000
0.00000000
0.00000000
0.00000000
0.00000000
0.00000000
0.00000000
0.00000000
0.00000000
0.00000000
0.00000000
0.00000000
0.00000000
0.00000000
0.00000000
0.00000000
0.00000000
0.00000000
0.00000000
0.00000000
0.00000000
0.00000000
0.00000000
0.00000000
0.00000000
0.00000000
0.00000000
0.00000000
0.00000000
0.00000000
0.00000000
0.00000000
0.00000000
0.00000000
0.00000000
0.00000000
0.00000000
0.00000000
0.00000000
0.00000000
0.00000000
0.00000000
0.00000000
0.00000000
0.00000000
0.00000000
0.00000000
0.00000000
0.00000000
0.00000000
0.00000000
0.00000000
0.00000000
0.00000000
0.00000000
0.00000000
0.00000000
0.00000000
0.00000000
0.00000000
0.00000000
0.00000000
0.00000000
0.00000000
0.00000000
0.00000000
0.00000000
0.00000000
0.00000000
0.00000000
0.00000000
0.00000000
0.00000000
0.00000000
0.00000000
0.00000000
0.00000000
0.00000000
0.00000000
0.00000000
0.00000000
0.00000000
0.00000000
0.00000000
0.00000000
0.00000000
0.00000000
0.00000000
0.00000000
0.00000000
0.00000000
0.00000000
0.00000000
0.00000000
0.00000000
0.00000000
0.00000000
0.00000000
0.00000000
0.00000000
0.00000000
0.00000000
0.00000000
0.00000000
0.00000000
0.00000000
0.00000000
0.00000000
0.00000000
0.00000000
0.00000000
0.00000000
0.00000000
0.00000000
0.00000000
0.00000000
0.00000000
0.00000000
0.00000000
0.00000000
0.00000000
0.00000000
0.00000000
0.00000000
0.00000000
0.00000000
0.00000000
0.00000000
0.00000000
0.00000000
0.00000000
0.00000000
0.00000000
0.00000000
0.00000000
0.00000000
0.00000000
0.00000000
0.00000000
0.00000000
0.00000000
0.00000000
0.00000000
0.00000000
0.00000000
0.00000000
0.00000000
0.00000000
0.00000000
0.00000000
0.00000000
0.00000000
0.00000000
0.00000000
0.00000000
0.00000000
0.00000000
0.00000000
0.00000000
0.00000000
0.00000000
0.00000000
0.00000000
0.00000000
0.00000000
0.00000000
0.00000000
0.00000000
0.00000000
0.00000000
0.00000000
0.00000000
0.00000000
0.00000000
0.00000000
0.00000000
0.00000000
0.00000000
0.00000000
0.00000000
0.00000000
0.00000000
0.00000000
0.00000000
0.00000000
0.00000000
0.00000000
0.00000000
0.00000000
0.00000000
0.00000000
0.00000000
0.00000000
0.00000000
0.00000000
0.00000000
0.00000000
0.00000000
0.00000000
0.00000000
0.00000000
0.00000000
0.00000000
0.00000000
0.00000000
0.00000000
0.00000000
0.00000000
0.00000000
0.00000000
0.00000000
0.00000000
0.00000000
0.00000000
0.00000000
0.00000000
0.00000000
0.00000000
0.00000000
0.00000000
0.00000000
0.00000000
0.00000000
0.00000000
0.00000000
0.00000000
0.00000000
0.00000000
0.00000000
0.00000000
0.00000000
0.00000000
0.00000000
0.00000000
0.00000000
0.00000000
0.00000000
0.00000000
0.00000000
0.00000000
0.00000000
0.00000000
0.00000000
0.00000000
0.00000000
0.00000000
0.00000000
0.00000000
0.00000000
0.00000000
0.00000000
0.00000000
0.00000000
0.00000000
0.00000000
0.00000000
0.00000000
0.00000000
0.00000000
0.00000000
0.00000000
0.00000000
0.00000000
0.00000000
0.00000000
0.00000000
0.00000000
0.00000000
0.00000000
0.00000000
0.00000000
0.00000000
0.00000000
0.00000000
0.00000000
0.00000000
0.00000000
0.00000000
0.00000000
0.00000000
0.00000000
0.00000000
0.00000000
0.00000000
0.00000000
0.00000000
0.00000000
0.00000000
0.00000000
0.00000000
0.00000000
0.00000000
0.00000000
0.00000000
0.00000000
0.00000000
0.00000000
0.00000000
0.00000000
0.00000000
0.00000000
0.00000000
0.00000000
0.00000000
0.00000000
0.00000000
0.00000000
0.00000000
0.00000000
0.00000000
0.00000000
0.00000000
0.00000000
0.00000000
0.00000000
0.00000000
0.00000000
0.00000000
0.00000000
0.00000000
0.00000000
0.00000000
0.00000000
0.00000000
0.00000000
0.00000000
0.00000000
0.00000000
0.00000000
0.00000000
0.00000000
0.00000000
0.00000000
0.00000000
0.00000000
0.00000000
0.00000000
0.00000000
0.00000000
0.00000000
0.00000000
0.00000000
0.00000000
0.00000000
0.00000000
0.00000000
0.00000000
0.00000000
0.00000000
0.00000000
0.00000000
0.00000000
0.00000000
0.00000000
0.00000000
0.00000000
0.00000000
0.00000000
0.00000000
0.00000000
0.00000000
0.00000000
0.00000000
0.00000000
0.00000000
0.00000000
0.00000000
0.00000000
0.00000000
0.00000000
0.00000000
0.00000000
0.00000000
0.00000000
0.00000000
0.00000000
0.00000000
0.00000000
0.00000000
0.00000000
0.00000000
0.00000000
0.00000000
0.00000000
0.00000000
0.00000000
0.00000000
0.00000000
0.00000000
0.00000000
0.00000000
0.00000000
0.00000000
0.00000000
0.00000000
0.00000000
0.00000000
0.00000000
0.00000000
0.00000000
0.00000000
0.00000000
0.00000000
0.00000000
0.00000000
0.00000000
0.00000000
0.00000000
0.00000000
0.00000000
0.00000000
0.00000000
0.00000000
0.00000000
0.00000000
0.00000000
0.00000000
0.00000000
0.00000000
0.00000000
0.00000000
0.00000000
0.00000000
0.00000000
0.00000000
0.00000000
0.00000000
0.00000000
0.00000000
0.00000000
0.00000000
0.00000000
0.00000000
0.00000000
0.00000000
0.00000000
0.00000000
0.00000000
0.00000000
0.00000000
0.00000000
0.00000000
0.00000000
0.00000000
0.00000000
0.00000000
0.00000000
0.00000000
0.00000000
0.00000000
0.00000000
0.00000000
0.00000000
0.00000000
0.00000000
0.00000000
0.00000000
0.00000000
0.00000000
0.00000000
0.00000000
0.00000000
0.00000000
0.00000000
0.00000000
0.00000000
0.00000000
0.00000000
0.00000000
0.00000000
0.00000000
0.00000000
0.00000000
0.00000000
0.00000000
0.00000000
0.00000000
0.00000000
0.00000000
0.00000000
0.00000000
0.00000000
0.00000000
0.00000000
0.00000000
0.00000000
0.00000000
0.00000000
0.00000000
0.00000000
0.00000000
0.00000000
0.00000000
0.00000000
0.00000000
0.00000000
0.00000000
0.00000000
0.00000000
0.00000000
0.00000000
0.00000000
0.00000000
0.00000000
0.00000000
0.00000000
0.00000000
0.00000000
0.00000000
0.00000000
0.00000000
0.00000000
0.00000000
0.00000000
0.00000000
0.00000000
0.00000000
0.00000000
0.00000000
0.00000000
0.00000000
0.00000000
0.00000000
0.00000000
0.00000000
0.00000000
0.00000000
0.00000000
0.00000000
0.00000000
0.00000000
0.00000000
0.00000000
0.00000000
0.00000000
0.00000000
0.00000000
0.00000000
0.00000000
0.00000000
0.00000000
0.00000000
0.00000000
0.00000000
0.00000000
0.00000000
0.00000000
0.00000000
0.00000000
0.00000000
0.00000000
0.00000000
0.00000000
0.00000000
0.00000000
0.00000000
0.00000000
0.00000000
0.00000000
0.00000000
0.00000000
0.00000000
0.00000000
0.00000000
0.00000000
0.00000000
0.00000000
0.00000000
0.00000000
0.00000000
0.00000000
0.00000000
0.00000000
0.00000000
0.00000000
0.00000000
0.00000000
0.00000000
0.00000000
0.00000000
0.00000000
0.00000000
0.00000000
0.00000000
0.00000000
0.00000000
0.00000000
0.00000000
0.00000000
0.00000000
0.00000000
0.00000000
0.00000000
0.00000000
0.00000000
0.00000000
0.00000000
0.00000000
0.00000000
0.00000000
0.00000000
0.00000000
0.00000000
0.00000000
0.00000000
0.00000000
0.00000000
0.00000000
0.00000000
0.00000000
0.00000000
0.00000000
0.00000000
0.00000000
0.00000000
0.00000000
0.00000000
0.00000000
0.00000000
0.00000000
0.00000000
0.00000000
0.00000000
0.00000000
0.00000000
0.00000000
0.00000000
0.00000000
0.00000000
0.00000000
0.00000000
0.00000000
0.00000000
0.00000000
0.00000000
0.00000000
0.00000000
0.00000000
0.00000000
0.00000000
0.00000000
0.00000000
0.00000000
0.00000000
0.00000000
0.00000000
0.00000000
0.00000000
0.00000000
0.00000000
0.00000000
0.00000000
0.00000000
0.00000000
0.00000000
0.00000000
0.00000000
0.00000000
0.00000000
0.00000000
0.00000000
0.00000000
0.00000000
0.00000000
0.00000000
0.00000000
0.00000000
0.00000000
0.00000000
0.00000000
0.00000000
0.00000000
0.00000000
0.00000000
0.00000000
0.00000000
0.00000000
0.00000000
0.00000000
0.00000000
0.00000000
0.00000000
0.00000000
0.00000000
0.00000000
0.00000000
0.00000000
0.00000000
0.00000000
0.00000000
0.00000000
0.00000000
0.00000000
0.00000000
0.00000000
0.00000000
0.00000000
0.00000000
0.00000000
0.00000000
0.00000000
0.00000000
0.00000000
0.00000000
0.00000000
0.00000000
0.00000000
0.00000000
0.00000000
0.00000000
0.00000000
0.00000000
0.00000000
0.00000000
0.00000000
0.00000000
0.00000000
0.00000000
0.00000000
0.00000000
0.00000000
0.00000000
0.00000000
0.00000000
0.00000000
0.00000000
0.00000000
0.00000000
0.00000000
0.00000000
0.00000000
0.00000000
0.00000000
0.00000000
0.00000000
0.00000000
0.00000000
0.00000000
0.00000000
0.00000000
0.00000000
0.00000000
0.00000000
0.00000000
0.00000000
0.00000000
0.00000000
0.00000000
0.00000000
0.00000000
0.00000000
0.00000000
0.00000000
0.00000000
0.00000000
0.00000000
0.00000000
0.00000000
0.00000000
0.00000000
0.00000000
0.00000000
0.00000000
0.00000000
0.00000000
0.00000000
0.00000000
0.00000000
0.00000000
0.00000000
0.00000000
0.00000000
0.00000000
0.00000000
0.00000000
0.00000000
0.00000000
0.00000000
0.00000000
0.00000000
0.00000000
0.00000000
0.00000000
0.00000000
0.00000000
0.00000000
0.00000000
0.00000000
0.00000000
0.00000000
0.00000000
0.00000000
0.00000000
0.00000000
0.00000000
0.00000000
0.00000000
0.00000000
0.00000000
0.00000000
0.00000000
0.00000000
0.00000000
0.00000000
0.00000000
0.00000000
0.00000000
